step,loss,stsb,sickr,avg
125,0.12422711944580078,0.7983911064983639,0.7183908575230418,0.7583909820107029
250,0.011191255569458007,0.8047260663749394,0.7240750021605323,0.7644005342677358
375,0.010304405212402343,0.7912770934081147,0.7263762682926354,0.758826680850375
500,0.008467169761657714,0.7790344052548848,0.7118953715200587,0.7454648883874717
625,0.007327944278717041,0.7826600216327422,0.7134548453215512,0.7480574334771467
750,0.0067667336463928226,0.7924694589986023,0.7135654129170618,0.7530174359578321
875,0.006419582843780518,0.7929118738942716,0.7142759370006359,0.7535939054474537
1000,0.006353551864624023,0.7906484481439265,0.7115194320891025,0.7510839401165146
1125,0.007004508018493652,0.7870445929699378,0.7124156924419378,0.7497301427059377
1250,0.005501404762268066,0.7928218588926256,0.7147750762067807,0.7537984675497031
1375,0.005593300819396973,0.7902801489580296,0.709853953646736,0.7500670513023828
1500,0.005104082584381104,0.7703671288185756,0.7061114182537797,0.7382392735361776
1625,0.005259121417999267,0.7807141281385473,0.7078351584221907,0.7442746432803691
1750,0.005357289314270019,0.779501709847424,0.7094875724049661,0.744494641126195
1875,0.004940245151519775,0.7876998500289001,0.7203390470284732,0.7540194485286866
2000,0.004456848621368408,0.7952100900738902,0.7225443470199026,0.7588772185468964
2125,0.005522293090820312,0.7912893300713528,0.7160942023766771,0.753691766224015
2250,0.0047299938201904295,0.7856169144314459,0.7105312402081148,0.7480740773197803
2375,0.004440262794494629,0.7822630498288915,0.7077943800170698,0.7450287149229806
2500,0.004751518249511719,0.7847662875114119,0.7066180022806474,0.7456921448960296
2625,0.004160804748535156,0.7880081416775976,0.7068050353896475,0.7474065885336225
2750,0.003724036693572998,0.7893430095229301,0.7103767241547884,0.7498598668388592
2875,0.0035319457054138184,0.7925145739836025,0.709594777823376,0.7510546759034893
3000,0.0037432193756103517,0.7867578458217688,0.7079341505222546,0.7473459981720116
3125,0.0038024916648864747,0.7889663722530021,0.7108727413393398,0.749919556796171
3250,0.0037680985927581786,0.7864440342178616,0.7090868008945664,0.7477654175562141
3375,0.0038361785411834717,0.7850380866308845,0.7089021213095369,0.7469701039702107
3500,0.0039783804416656495,0.7863453170680608,0.709578111031177,0.7479617140496189
