step,alignment,uniformity
0,0.6147063970565796,-1.482223391532898
125,0.2289639413356781,-2.368727922439575
250,0.19876167178153992,-2.2711503505706787
375,0.2024880051612854,-2.3452017307281494
500,0.19239147007465363,-2.2696714401245117
625,0.2036355584859848,-2.3484010696411133
750,0.2060282826423645,-2.4299490451812744
875,0.20591795444488525,-2.439548969268799
1000,0.20329265296459198,-2.357991933822632
1125,0.1969977766275406,-2.368377685546875
1250,0.19568371772766113,-2.3341360092163086
1375,0.19150319695472717,-2.3290045261383057
1500,0.19440944492816925,-2.341583728790283
1625,0.19905520975589752,-2.356344699859619
1750,0.19830015301704407,-2.3596763610839844
1875,0.20447824895381927,-2.4172489643096924
2000,0.20280307531356812,-2.3781425952911377
2125,0.19698043167591095,-2.3573691844940186
2250,0.2065739780664444,-2.3696348667144775
2375,0.20221766829490662,-2.3840880393981934
2500,0.2080613076686859,-2.39384126663208
2625,0.20881853997707367,-2.441718339920044
2750,0.20640920102596283,-2.425238847732544
2875,0.2071118801832199,-2.4203903675079346
3000,0.2116871029138565,-2.4499683380126953
3125,0.20347996056079865,-2.4086999893188477
3250,0.20574475824832916,-2.4035677909851074
3375,0.2072201520204544,-2.4114270210266113
3500,0.20730331540107727,-2.4205820560455322
