step,loss,stsb,sickr,avg
125,0.04482928085327149,0.7617574763000247,0.7140142155288997,0.7378858459144622
250,0.0005011225938796997,0.7742706343794352,0.711923373652197,0.7430970040158161
375,0.0003276723027229309,0.7809955500404444,0.7154638902325047,0.7482297201364745
500,0.00027239924669265745,0.7714306911434702,0.7166833998980183,0.7440570455207443
625,0.00020842109620571137,0.7786452921949266,0.7149617250669692,0.7468035086309479
750,0.00018504929542541504,0.7778308688381927,0.715039535451299,0.7464352021447458
875,0.00016567255556583404,0.7794781368774404,0.7159558659719942,0.7477170014247173
1000,0.00017112451791763305,0.7857679501225974,0.7146975540090597,0.7502327520658285
1125,0.00015977919101715088,0.7736066268049393,0.7096829629256163,0.7416447948652778
1250,0.0001361706852912903,0.7726031883918196,0.7118081470398471,0.7422056677158333
1375,0.00013965135812759398,0.7654593095997008,0.7082098970756108,0.7368346033376558
1500,0.00011106502264738083,0.7666676380428399,0.7081041325902442,0.737385885316542
1625,0.00010440521687269211,0.7713773975124802,0.7088075480708053,0.7400924727916427
1750,0.00015361571311950684,0.7669116506663178,0.7096446341066687,0.7382781423864933
1875,0.00010839168727397918,0.7697583590314947,0.7097232129886215,0.7397407860100581
2000,0.00013713270425796508,0.7750827897427389,0.7101236963124125,0.7426032430275757
2125,0.00011847508698701859,0.7690006093995905,0.7094758528162152,0.7392382311079029
2250,0.00014819294214248656,0.7687847042403897,0.7077274246616649,0.7382560644510273
2375,0.0001040562316775322,0.7720013601685134,0.7103119782300498,0.7411566691992816
2500,0.00015896755456924438,0.7811329665051393,0.7146108578709638,0.7478719121880515
2625,9.613293409347535,0.7773977130443619,0.7131576768969538,0.7452776949706579
2750,0.00010609862953424453,0.7695274745309324,0.7132147378454622,0.7413711061881973
2875,9.070045500993729,0.7697111592997651,0.7129330834666291,0.7413221213831971
