step,alignment,uniformity
0,0.25368884205818176,-1.2542511224746704
125,0.2782709300518036,-2.868079662322998
250,0.25537097454071045,-2.754871368408203
375,0.2366403341293335,-2.6649038791656494
500,0.22133038938045502,-2.603172779083252
625,0.21344149112701416,-2.554952621459961
750,0.2054927945137024,-2.515479326248169
875,0.19896353781223297,-2.4766879081726074
1000,0.19186976552009583,-2.4321858882904053
1125,0.18744421005249023,-2.4178969860076904
1250,0.18354249000549316,-2.3891100883483887
1375,0.18106146156787872,-2.3742175102233887
1500,0.17734834551811218,-2.351034164428711
1625,0.17354147136211395,-2.3303627967834473
1750,0.1724199503660202,-2.3092339038848877
1875,0.17092180252075195,-2.29756760597229
2000,0.1677144467830658,-2.2613234519958496
2125,0.1667119264602661,-2.255702257156372
2250,0.16511180996894836,-2.2316243648529053
2375,0.16398726403713226,-2.2219221591949463
2500,0.16040630638599396,-2.1932685375213623
2625,0.1618880182504654,-2.2089338302612305
2750,0.16205450892448425,-2.2139878273010254
2875,0.16153891384601593,-2.212583065032959
