step,loss,stsb,sickr,avg
125,0.08134695434570313,0.831024643934665,0.8045398733423537,0.8177822586385093
250,0.023558353424072264,0.8382595037587341,0.8143423006793509,0.8263009022190425
375,0.019384010314941406,0.8349718573617805,0.804454185857388,0.8197130216095843
500,0.017570295333862306,0.839442072477514,0.8117101963205422,0.8255761343990281
625,0.01767445945739746,0.837301431178913,0.8054474690351282,0.8213744501070206
750,0.014689217567443848,0.8376671780173617,0.785914132671175,0.8117906553442684
875,0.017068096160888672,0.8425012835172128,0.8187053018406847,0.8306032926789487
1000,0.01393894100189209,0.8398378902224694,0.7981661942126175,0.8190020422175435
1125,0.006334272861480713,0.834928188587541,0.7915581663208864,0.8132431774542137
1250,0.0062560482025146484,0.8404763276378244,0.8062356113786262,0.8233559695082253
1375,0.0067549867630004885,0.8401755445126361,0.8075377825697149,0.8238566635411755
1500,0.006547424793243408,0.8382273332072054,0.8033868387212303,0.8208070859642178
1625,0.006530889987945557,0.8409210806130017,0.8067946933993658,0.8238578870061838
1750,0.0063572111129760744,0.8403387830591623,0.8068859524920984,0.8236123677756304
1875,0.006297528266906738,0.8406237156396325,0.8014421554862039,0.8210329355629182
2000,0.005323015689849854,0.8374504590069769,0.7981648013106757,0.8178076301588263
2125,0.003855813503265381,0.8351315275481369,0.7910803579418585,0.8131059427449977
2250,0.003821497917175293,0.8343754949985929,0.7934357070941808,0.8139056010463868
2375,0.003725994348526001,0.8328027333878657,0.791720564492927,0.8122616489403964
2500,0.004087341785430908,0.8361756093750076,0.7938474777268096,0.8150115435509087
2625,0.0034177701473236083,0.8351318513917763,0.7932699517631178,0.814200901577447
2750,0.0038101754188537597,0.8352966280485415,0.794881251123062,0.8150889395858018
2875,0.0034163026809692384,0.8342321495559265,0.7925262862195515,0.813379217887739
