step,alignment,uniformity
0,0.3768463134765625,-1.2013880014419556
125,0.3946536183357239,-2.446035623550415
250,0.34630218148231506,-2.355421543121338
375,0.3250890076160431,-2.2356715202331543
500,0.3212811350822449,-2.2061498165130615
625,0.3209455609321594,-2.230734348297119
750,0.30681490898132324,-2.1936604976654053
875,0.29315483570098877,-2.1545610427856445
1000,0.32420891523361206,-2.3138844966888428
1125,0.3568812906742096,-2.4399473667144775
1250,0.3429807722568512,-2.4133739471435547
1375,0.34290266036987305,-2.431239604949951
1500,0.3466692566871643,-2.4579918384552
1625,0.3501262962818146,-2.4756088256835938
1750,0.352529913187027,-2.5023884773254395
1875,0.3466840088367462,-2.4792137145996094
2000,0.35768866539001465,-2.4962925910949707
2125,0.35742008686065674,-2.507894992828369
2250,0.3606392741203308,-2.5243635177612305
2375,0.36404889822006226,-2.517122983932495
2500,0.36161449551582336,-2.5195794105529785
2625,0.36206987500190735,-2.53286075592041
2750,0.3629032075405121,-2.5278656482696533
2875,0.36499539017677307,-2.5359368324279785
