step,loss,stsb,sickr,avg
125,0.0245594482421875,0.691267290768635,0.6837634113144517,0.6875153510415434
250,0.0010565478801727295,0.7470395462403637,0.7100547716818487,0.7285471589611062
375,0.0013259984254837037,0.7620685554833597,0.7198268913938385,0.740947723438599
500,0.0006670641899108886,0.7999769001159548,0.7261913965832,0.7630841483495774
625,0.0005377488732337952,0.8039195469614268,0.7274881882909275,0.7657038676261771
750,0.00036106938123703,0.7937800481642785,0.7299303296435484,0.7618551889039135
875,0.00026148542761802676,0.7934551589662245,0.7290247992881356,0.76123997912718
1000,0.0004836389124393463,0.7980801585951561,0.7267352047136822,0.7624076816544192
1125,0.0005985327363014221,0.8017798935284864,0.7316664618361304,0.7667231776823085
1250,0.0003431735932826996,0.799510623283199,0.7320857253205837,0.7657981743018913
1375,0.0006152689456939697,0.7807597473870304,0.7226058268297434,0.7516827871083869
1500,0.0006284351944923401,0.8030983125854637,0.7359105860214049,0.7695044493034343
1625,0.0005771538615226746,0.8060740245981569,0.7368501223966358,0.7714620734973964
1750,0.00028783074021339415,0.8022744362204287,0.7389705514318242,0.7706224938261265
1875,0.00026684755086898803,0.805611100791967,0.7395680583337143,0.7725895795628406
2000,0.0004795977771282196,0.8123932193393257,0.7420095752820164,0.7772013973106711
2125,0.0006223269104957581,0.8084597451015368,0.7413569286756753,0.774908336888606
2250,0.00040971410274505616,0.8109281524945732,0.7412395886948621,0.7760838705947176
2375,0.0005271637439727783,0.8063691315628547,0.7415909362018819,0.7739800338823684
2500,0.0006157338619232177,0.8106081398187818,0.7413459775845475,0.7759770587016646
2625,0.00044953098893165587,0.8124761051824174,0.7389333273282096,0.7757047162553135
2750,0.00042832183837890624,0.7962663050318415,0.7336145552793588,0.7649404301556002
2875,0.00026343417167663574,0.801420181359806,0.7368156840969047,0.7691179327283553
3000,0.00026463168859481814,0.8048389383387539,0.7375689078296571,0.7712039230842055
3125,0.00035821279883384706,0.8056100402930162,0.7375198680750888,0.7715649541840526
3250,0.0003517119586467743,0.803645942855654,0.7370982030355637,0.7703720729456089
3375,0.000601911187171936,0.804585220018088,0.7378225120452504,0.7712038660316691
3500,0.0005808777809143067,0.8044646896859055,0.7376182357708341,0.7710414627283697
