step,alignment,uniformity
0,0.26990756392478943,-1.4732317924499512
125,0.2910320460796356,-2.864039659500122
250,0.24961398541927338,-2.619171619415283
375,0.22015103697776794,-2.3634421825408936
500,0.21927529573440552,-2.420719861984253
625,0.21336907148361206,-2.435729742050171
750,0.20473629236221313,-2.420053243637085
875,0.20189665257930756,-2.412426471710205
1000,0.19301645457744598,-2.362082004547119
1125,0.19262510538101196,-2.340284585952759
1250,0.18716637790203094,-2.352458953857422
1375,0.1928378790616989,-2.3984601497650146
1500,0.1803520768880844,-2.3294427394866943
1625,0.18315178155899048,-2.339627265930176
1750,0.18074458837509155,-2.338712453842163
1875,0.17993590235710144,-2.334702730178833
2000,0.17914144694805145,-2.320038080215454
2125,0.1747545450925827,-2.301420211791992
2250,0.17865902185440063,-2.3252694606781006
2375,0.17352497577667236,-2.3012285232543945
2500,0.17044812440872192,-2.2537782192230225
2625,0.16773420572280884,-2.2195630073547363
2750,0.1714194267988205,-2.2737865447998047
2875,0.16707150638103485,-2.2544896602630615
3000,0.16794629395008087,-2.2344374656677246
3125,0.16756616532802582,-2.241244077682495
3250,0.16731710731983185,-2.247774124145508
3375,0.16656674444675446,-2.2389774322509766
3500,0.16641177237033844,-2.240063190460205
