step,loss,stsb,sickr,avg
125,1.143385986328125,0.8496069912615967,0.8085623339944912,0.8290846626280439
250,0.7790342407226563,0.851397831596736,0.8165716642526009,0.8339847479246685
375,0.7257376098632813,0.8525360138748463,0.8168508690452607,0.8346934414600535
500,0.686086181640625,0.8555451849853037,0.8176748425904314,0.8366100137878676
625,0.674760009765625,0.8550056622422646,0.8200847070428858,0.8375451846425752
750,0.653424072265625,0.853552722497801,0.8055467973529021,0.8295497599253516
875,0.6390435791015625,0.8545986655204725,0.8038536049650058,0.8292261352427391
1000,0.6084696655273437,0.8514449472875304,0.7810824920531096,0.81626371967032
1125,0.5405011596679687,0.854540043593948,0.7939858553300528,0.8242629494620004
1250,0.5237944946289063,0.85554359143864,0.8015387460311961,0.828541168734918
1375,0.5227822265625,0.8530225487758154,0.7908732958635589,0.8219479223196872
1500,0.5138824462890625,0.8513880761190523,0.7946719796140963,0.8230300278665743
1625,0.5154190673828125,0.8520730257471091,0.7908487519707239,0.8214608888589165
1750,0.5113928833007813,0.8533152101407301,0.7875346540025956,0.8204249320716628
1875,0.5174420166015625,0.8508178408505889,0.7817912389859304,0.8163045399182596
2000,0.4767500915527344,0.848844053013343,0.7779121992026871,0.8133781261080151
2125,0.4466063842773437,0.8506751938215963,0.7811075162569588,0.8158913550392776
2250,0.43778375244140627,0.8482511974868489,0.7867976167510278,0.8175244071189383
2375,0.45037841796875,0.8495273498821757,0.7870806160007011,0.8183039829414385
2500,0.43673101806640624,0.8503865362828616,0.7820726051781548,0.8162295707305083
2625,0.447177001953125,0.8507972689057689,0.7907226703294488,0.8207599696176089
2750,0.4452325439453125,0.8494164662192505,0.7875163061218462,0.8184663861705483
2875,0.4369957885742187,0.8492969928272983,0.7876324453251236,0.8184647190762109
