step,alignment,uniformity
0,0.43197503685951233,-1.0663297176361084
125,0.376882940530777,-2.009263277053833
250,0.34596505761146545,-1.9060841798782349
375,0.3364400267601013,-1.8338121175765991
500,0.33760711550712585,-1.8579975366592407
625,0.3316424489021301,-1.8646820783615112
750,0.3325655460357666,-1.873420238494873
875,0.3257195055484772,-1.8456555604934692
1000,0.35541749000549316,-1.9846111536026
1125,0.35933080315589905,-2.0220203399658203
1250,0.3792867064476013,-2.084542989730835
1375,0.3587799072265625,-1.9827109575271606
1500,0.3607465624809265,-2.0233852863311768
1625,0.35531702637672424,-1.9996435642242432
1750,0.36553093791007996,-2.0446019172668457
1875,0.36540916562080383,-2.0414950847625732
2000,0.3647416830062866,-2.032748222351074
2125,0.38122132420539856,-2.115093946456909
2250,0.3736603856086731,-2.071019411087036
2375,0.3757983446121216,-2.081820249557495
2500,0.37335482239723206,-2.0697429180145264
2625,0.37152206897735596,-2.0642342567443848
2750,0.3721157908439636,-2.0659067630767822
2875,0.37193480134010315,-2.0615243911743164
