step,loss,stsb,sickr,avg
125,0.029741836547851563,0.7801201853626587,0.73114676531857,0.7556334753406144
250,0.0047341141700744625,0.7968362495562186,0.7332971177299543,0.7650666836430864
375,0.0036131484508514404,0.8161572333318498,0.7535686921230113,0.7848629627274305
500,0.0038191108703613283,0.8135246436056668,0.7361839310196892,0.774854287312678
625,0.003611971616744995,0.8202869059463997,0.7665369454179974,0.7934119256821985
750,0.00330007266998291,0.8261030205911795,0.7670535679450657,0.7965782942681225
875,0.0035811800956726076,0.8317502451189194,0.7757037291585626,0.8037269871387409
1000,0.002996525764465332,0.8186429583546743,0.7605117799602962,0.7895773691574852
1125,0.003469357252120972,0.8082146097014855,0.7518861626396341,0.7800503861705599
1250,0.003340083599090576,0.8168640551569627,0.7461839583080029,0.7815240067324828
1375,0.0025235512256622313,0.8245225131187351,0.7684836459592841,0.7965030795390096
1500,0.0032305006980895994,0.8029317928978891,0.745895531543867,0.774413662220878
1625,0.0024136343002319335,0.8145062535462717,0.7576396641876013,0.7860729588669365
1750,0.002766592025756836,0.8210953328207049,0.7614095292772759,0.7912524310489903
1875,0.002733144760131836,0.8231980175439424,0.766581854497842,0.7948899360208922
2000,0.0026910960674285888,0.8157737572534498,0.7509680001045432,0.7833708786789966
2125,0.0024274117946624756,0.8272590943406798,0.7684222622116461,0.7978406782761629
2250,0.0024123356342315673,0.8269694354691168,0.7676707195674439,0.7973200775182804
2375,0.002759294033050537,0.8298846306934271,0.7714497105663918,0.8006671706299094
2500,0.002606997013092041,0.8180593869406029,0.7517456716679276,0.7849025293042653
2625,0.0024455678462982178,0.8261604387801684,0.7700133404778849,0.7980868896290267
2750,0.0025069913864135744,0.8331532638782577,0.7789863187241475,0.8060697913012026
2875,0.001869088888168335,0.8328097262752413,0.780522977752457,0.8066663520138492
3000,0.0020075628757476806,0.8325643648963867,0.7800351258551501,0.8062997453757684
3125,0.0021630661487579347,0.8321355567720424,0.778544336528714,0.8053399466503782
3250,0.0026146838665008546,0.8335206947361545,0.7801146173280302,0.8068176560320923
3375,0.0026654539108276368,0.8337837809191004,0.7808711071756804,0.8073274440473904
3500,0.0021589505672454834,0.8336299179722695,0.7807630371974448,0.8071964775848571
