step,alignment,uniformity
0,0.3994632661342621,-1.4083011150360107
125,0.41974925994873047,-2.6013612747192383
250,0.3786311149597168,-2.4423418045043945
375,0.37410998344421387,-2.45607328414917
500,0.338517963886261,-2.3185086250305176
625,0.35135185718536377,-2.413421392440796
750,0.3364136815071106,-2.3525338172912598
875,0.30722907185554504,-2.2227630615234375
1000,0.3145953416824341,-2.3356945514678955
1125,0.33362624049186707,-2.3321475982666016
1250,0.3303927779197693,-2.287075996398926
1375,0.2946019768714905,-2.2333364486694336
1500,0.2998974323272705,-2.2674717903137207
1625,0.2993786633014679,-2.255340814590454
1750,0.30028319358825684,-2.2545201778411865
1875,0.29296237230300903,-2.2485737800598145
2000,0.2964440584182739,-2.1805078983306885
2125,0.3025479018688202,-2.2195184230804443
2250,0.30031174421310425,-2.238678216934204
2375,0.29428356885910034,-2.1956989765167236
2500,0.2916621267795563,-2.189884901046753
2625,0.28848761320114136,-2.1629037857055664
2750,0.28665363788604736,-2.1925442218780518
2875,0.2868726849555969,-2.1890721321105957
3000,0.2849419414997101,-2.1819756031036377
3125,0.28311702609062195,-2.163034200668335
3250,0.2820216417312622,-2.145944833755493
3375,0.27780047059059143,-2.1333250999450684
3500,0.2776621878147125,-2.1281888484954834
