step,loss,stsb,sickr,avg
125,0.057790805816650394,0.7838680947223378,0.7325720402226445,0.7582200674724912
250,0.000957263171672821,0.7919813440791962,0.7338052867831696,0.7628933154311829
375,0.0006667911410331726,0.7979723464236407,0.730075431600993,0.7640238890123168
500,0.0005587987303733825,0.7929884266229379,0.7270801160531093,0.7600342713380236
625,0.00038224804401397705,0.7934671394015279,0.7262762195083395,0.7598716794549337
750,0.00035142850875854493,0.7937365694866637,0.7212877093129774,0.7575121393998205
875,0.0003074447512626648,0.7900015533830773,0.7186047880488471,0.7543031707159622
1000,0.00030433717370033267,0.7964175869828249,0.7202445698519443,0.7583310784173847
1125,0.00027101826667785643,0.7909592444345978,0.7172260072509647,0.7540926258427813
1250,0.00024043993651866913,0.7893948725479532,0.7161596687679372,0.7527772706579452
1375,0.000256525456905365,0.7865596631104956,0.712171790508835,0.7493657268096653
1500,0.00021404117345809936,0.7892471019836043,0.7113627546362115,0.7503049283099079
1625,0.0002000732272863388,0.7918185912981289,0.7121739999395011,0.7519962956188151
1750,0.0002528524398803711,0.7942756766193148,0.7137571050429014,0.754016390831108
1875,0.0002193289250135422,0.7957345317160194,0.7121629527861704,0.7539487422510949
2000,0.0002486991286277771,0.7940663864396662,0.7106522305526375,0.7523593084961518
2125,0.00021596302092075347,0.7890896488399821,0.7092286847682147,0.7491591668040984
2250,0.00024351836740970612,0.7905300388097523,0.7085603800228047,0.7495452094162784
2375,0.0001994025856256485,0.7890678772843772,0.7110575169865723,0.7500626971354747
2500,0.0002194540500640869,0.7954211176165796,0.7134183416844583,0.754419729650519
2625,0.00017354513704776763,0.7929694520409526,0.7115344177927512,0.7522519349168519
2750,0.0001973375529050827,0.7899871398595447,0.7124418213611201,0.7512144806103325
2875,0.00017124705016613006,0.7908560764007229,0.7126622360856195,0.7517591562431711
