step,alignment,uniformity
0,0.28396597504615784,-1.2453405857086182
125,0.2651658356189728,-2.616821765899658
250,0.23598381876945496,-2.4439311027526855
375,0.22227609157562256,-2.4180567264556885
500,0.20993614196777344,-2.3628249168395996
625,0.20117734372615814,-2.3261003494262695
750,0.19547820091247559,-2.268256902694702
875,0.19430498778820038,-2.274369955062866
1000,0.18735457956790924,-2.21682071685791
1125,0.18656674027442932,-2.236776351928711
1250,0.18334534764289856,-2.2199506759643555
1375,0.1820489913225174,-2.1900851726531982
1500,0.1791587769985199,-2.1798744201660156
1625,0.17561158537864685,-2.1570115089416504
1750,0.1724100261926651,-2.130089521408081
1875,0.17305134236812592,-2.1551060676574707
2000,0.16994908452033997,-2.1195597648620605
2125,0.1689944863319397,-2.105026960372925
2250,0.16594164073467255,-2.0871567726135254
2375,0.16586612164974213,-2.0886356830596924
2500,0.16451561450958252,-2.084120988845825
2625,0.16485443711280823,-2.0942327976226807
2750,0.1660154014825821,-2.096055507659912
2875,0.16586294770240784,-2.0942115783691406
