step,loss,stsb,sickr,avg
125,0.030883596420288085,0.7457743816684418,0.6788824427552094,0.7123284122118256
250,0.005160526752471924,0.7666682052424947,0.675172472449028,0.7209203388457613
375,0.003737488031387329,0.7922871681331213,0.7278304579197755,0.7600588130264484
500,0.004842601299285889,0.7872791629065871,0.7033845485318336,0.7453318557192103
625,0.004328080654144287,0.8049802665537078,0.7413713380061068,0.7731758022799073
750,0.003466935634613037,0.7903090838441443,0.6946216583232615,0.7424653710837029
875,0.0037746689319610597,0.8191843866637815,0.7596438099262081,0.7894140982949948
1000,0.0032555503845214844,0.7992321778931756,0.7277039439985875,0.7634680609458815
1125,0.0038701083660125733,0.8155104705953526,0.7689264927145435,0.792218481654948
1250,0.0036747295856475832,0.8053633497317519,0.745938519379654,0.775650934555703
1375,0.002674137592315674,0.8139258004654262,0.763102577571868,0.7885141890186471
1500,0.0032260208129882813,0.7866844639082547,0.7188441750584147,0.7527643194833347
1625,0.0027685444355010987,0.7830792400868164,0.7126605069659678,0.7478698735263921
1750,0.003113159418106079,0.8056904759444221,0.7575557058222875,0.7816230908833548
1875,0.0034058802127838136,0.800375072988249,0.7304517072496591,0.765413390118954
2000,0.0030051889419555663,0.79970175117097,0.7160484767681079,0.757875113969539
2125,0.0027076311111450197,0.7931273678150368,0.7088082685373268,0.7509678181761819
2250,0.0024122827053070068,0.8035305993598894,0.7254146856418442,0.7644726425008668
2375,0.0028461778163909913,0.8135706621541108,0.7399357364152231,0.776753199284667
2500,0.002784198522567749,0.7956071871398406,0.715084924842158,0.7553460559909992
2625,0.002546571969985962,0.7973334285431269,0.7225376226657012,0.759935525604414
2750,0.0026494522094726563,0.7985849963115399,0.7424389252977718,0.7705119608046558
2875,0.0021367297172546385,0.8040660356715083,0.7547730239604704,0.7794195298159894
3000,0.0022958216667175292,0.7981802736130271,0.7413007803180943,0.7697405269655607
3125,0.002405909776687622,0.798089127642815,0.7365907544488701,0.7673399410458426
3250,0.002545646667480469,0.8009709979539034,0.7381592100663316,0.7695651040101175
3375,0.0028324687480926515,0.8037567094853543,0.7429316283363239,0.7733441689108391
3500,0.0021750054359436035,0.8036008225424667,0.7446741486653973,0.774137485603932
