step,alignment,uniformity
0,0.3674188256263733,-1.3954620361328125
125,0.36016005277633667,-2.683891773223877
250,0.30672699213027954,-2.5276010036468506
375,0.3119345009326935,-2.609618902206421
500,0.2870199382305145,-2.530681610107422
625,0.28164908289909363,-2.518639087677002
750,0.29057881236076355,-2.5718131065368652
875,0.2761247456073761,-2.518876552581787
1000,0.27759477496147156,-2.542771339416504
1125,0.27585795521736145,-2.523491382598877
1250,0.2776358723640442,-2.4966073036193848
1375,0.25856658816337585,-2.4494431018829346
1500,0.259395569562912,-2.443857431411743
1625,0.2660641670227051,-2.47713565826416
1750,0.27259114384651184,-2.513010025024414
1875,0.26461270451545715,-2.5055878162384033
2000,0.2706391513347626,-2.476515054702759
2125,0.26712971925735474,-2.4975178241729736
2250,0.26635828614234924,-2.500192642211914
2375,0.2610742747783661,-2.4603657722473145
2500,0.2699113190174103,-2.4845449924468994
2625,0.2671928107738495,-2.4670510292053223
2750,0.26227977871894836,-2.4969382286071777
2875,0.26525840163230896,-2.4979088306427
3000,0.2620272934436798,-2.485039472579956
3125,0.26353582739830017,-2.4860215187072754
3250,0.26347213983535767,-2.474259614944458
3375,0.2614511549472809,-2.470148801803589
3500,0.26014870405197144,-2.4656972885131836
