step,loss,stsb,sickr,avg
125,0.03098393249511719,0.74035208434179,0.645044868009769,0.6926984761757795
250,0.006572829723358154,0.755423337380199,0.648710505609323,0.702066921494761
375,0.006129576683044434,0.78423838640701,0.7101449740903496,0.7471916802486798
500,0.006118355274200439,0.7877555464970021,0.6817754520570297,0.7347654992770158
625,0.004500069618225098,0.7879571356039132,0.6720992024235104,0.7300281690137118
750,0.005141249656677246,0.7829180467216107,0.6761967837182973,0.729557415219954
875,0.00425695276260376,0.8204722337971743,0.7319821702658831,0.7762272020315286
1000,0.004662265300750732,0.819033728196955,0.7051390286051651,0.7620863784010601
1125,0.00490369987487793,0.8059632102916723,0.7093010196069803,0.7576321149493264
1250,0.004885707378387451,0.8142899466235533,0.7145327593000255,0.7644113529617893
1375,0.004408788204193115,0.8120527831619319,0.7055453236922301,0.758799053427081
1500,0.004987439632415771,0.803064938897011,0.711251322480875,0.757158130688943
1625,0.004454174518585205,0.8048426016938147,0.7232162060668189,0.7640294038803168
1750,0.004560533046722412,0.8040475338794133,0.7123133381647732,0.7581804360220932
1875,0.004019528388977051,0.7987953238584504,0.6966382441171407,0.7477167839877956
2000,0.0033862628936767577,0.8098548791741931,0.7089400658796731,0.759397472526933
2125,0.004228960037231446,0.8066136619802834,0.7074768464054624,0.7570452541928729
2250,0.0037559375762939453,0.7947759292662694,0.6734529590175437,0.7341144441419065
2375,0.005282060623168945,0.7980952610989943,0.6853375826329845,0.7417164218659894
2500,0.003681784629821777,0.7937979116874144,0.6841732126719217,0.738985562179668
2625,0.0035104005336761474,0.7978730516908477,0.6822339089202565,0.7400534803055521
2750,0.00359018874168396,0.7976513006483323,0.6851879177209033,0.7414196091846178
2875,0.0036755425930023195,0.7973351840633527,0.6876103663219345,0.7424727751926437
3000,0.003436159610748291,0.8003917658820318,0.6878576784632394,0.7441247221726356
3125,0.003745630979537964,0.8020772609941743,0.688362053059441,0.7452196570268077
3250,0.0036694514751434326,0.7991625063162227,0.6838886764270024,0.7415255913716126
3375,0.003944446802139282,0.7991343264021598,0.6821336199804537,0.7406339731913067
3500,0.0036490447521209716,0.7985823130356716,0.6806979703584686,0.7396401416970702
