step,alignment,uniformity
0,0.41682833433151245,-1.3597244024276733
125,0.4729263186454773,-2.685188055038452
250,0.42036929726600647,-2.628079414367676
375,0.36962127685546875,-2.5084609985351562
500,0.35562410950660706,-2.33628511428833
625,0.37075328826904297,-2.51991605758667
750,0.3431115746498108,-2.4468374252319336
875,0.34828558564186096,-2.4388763904571533
1000,0.3263387382030487,-2.3898258209228516
1125,0.3334501087665558,-2.325806140899658
1250,0.31895267963409424,-2.3677632808685303
1375,0.3331344723701477,-2.4025890827178955
1500,0.34601888060569763,-2.5050618648529053
1625,0.3560108244419098,-2.4800026416778564
1750,0.33076125383377075,-2.4467289447784424
1875,0.3406383991241455,-2.4368064403533936
2000,0.3281629979610443,-2.455557346343994
2125,0.340680330991745,-2.4563143253326416
2250,0.3497644364833832,-2.4896328449249268
2375,0.32913365960121155,-2.404083251953125
2500,0.33192771673202515,-2.418639898300171
2625,0.32944467663764954,-2.4035305976867676
2750,0.3247252106666565,-2.408047914505005
2875,0.3235834538936615,-2.4139561653137207
3000,0.3219698965549469,-2.3939056396484375
3125,0.3260478377342224,-2.4170422554016113
3250,0.3273080587387085,-2.424178123474121
3375,0.329414427280426,-2.4351019859313965
3500,0.3294687867164612,-2.431288957595825
