step,loss,stsb,sickr,avg
125,0.17426394653320312,0.8083337503528889,0.7129748705248803,0.7606543104388845
250,0.00824831485748291,0.7955773394370003,0.6999936488325058,0.747785494134753
375,0.008004173278808594,0.7980823436500429,0.6987168380629766,0.7483995908565098
500,0.00769076681137085,0.7898342178584934,0.7073596985490548,0.7485969582037741
625,0.005985249042510987,0.8017148365442037,0.7029173019770437,0.7523160692606237
750,0.006122137069702148,0.7943462111817805,0.6975065023378375,0.745926356759809
875,0.005694278717041016,0.791800093768578,0.698691669765823,0.7452458817672005
1000,0.004697371006011963,0.7954445713693993,0.7041446887431932,0.7497946300562963
1125,0.002160491704940796,0.789365208826467,0.6988462338502508,0.7441057213383588
1250,0.0022176899909973143,0.7911737872870919,0.6989398464669536,0.7450568168770227
1375,0.0021230974197387694,0.7857752301855058,0.6981927707151853,0.7419840004503455
1500,0.0018721952438354491,0.7864489274596639,0.6911393074067955,0.7387941174332298
1625,0.0017496299743652343,0.7857965248753624,0.6869945595703965,0.7363955422228794
1750,0.0019540839195251467,0.7869104989517559,0.6893157586095962,0.738113128780676
1875,0.001926680326461792,0.7860004324890282,0.6918042980062061,0.7389023652476172
2000,0.0014352890253067016,0.7862301582441866,0.6905445382776874,0.738387348260937
2125,0.0010898960828781127,0.7859517189323655,0.69193167648722,0.7389416977097927
2250,0.001215921640396118,0.7833038434442653,0.689779498893981,0.7365416711691232
2375,0.0010950384140014648,0.7866678137313269,0.6910905078077344,0.7388791607695306
2500,0.0011539742946624755,0.785930635986565,0.6914469946426081,0.7386888153145865
2625,0.001222169518470764,0.7860689058457693,0.6923077600114805,0.7391883329286248
2750,0.0011872854232788087,0.7849079669402693,0.6918927712950552,0.7384003691176623
2875,0.0011318005323410034,0.7844137481228399,0.691810301893886,0.738112025008363
