step,alignment,uniformity
0,0.5258978009223938,-1.2540152072906494
125,0.2281433641910553,-2.315871000289917
250,0.208973690867424,-2.3349037170410156
375,0.1970442533493042,-2.2978696823120117
500,0.18865524232387543,-2.3007988929748535
625,0.18646873533725739,-2.307816743850708
750,0.190888449549675,-2.35237979888916
875,0.1914767622947693,-2.309558629989624
1000,0.1983410120010376,-2.4059221744537354
1125,0.19786304235458374,-2.430022954940796
1250,0.19594541192054749,-2.464360237121582
1375,0.19786442816257477,-2.4630160331726074
1500,0.1987253874540329,-2.481107711791992
1625,0.19513428211212158,-2.4826390743255615
1750,0.19224199652671814,-2.4742507934570312
1875,0.19397009909152985,-2.4608352184295654
2000,0.19326473772525787,-2.471409797668457
2125,0.18977369368076324,-2.446845531463623
2250,0.18900978565216064,-2.4589476585388184
2375,0.19195502996444702,-2.4638118743896484
2500,0.1914205253124237,-2.471309185028076
2625,0.19037625193595886,-2.4584007263183594
2750,0.1934765875339508,-2.46724271774292
2875,0.19351278245449066,-2.4653260707855225
