step,loss,stsb,sickr,avg
125,0.030458829879760743,0.7305943772070406,0.6850222584520432,0.7078083178295419
250,0.0013057717084884644,0.7651066151968532,0.7042448335896917,0.7346757243932724
375,0.0013716311454772948,0.7520619184721489,0.7012157521774972,0.726638835324823
500,0.0007894777655601501,0.8117736495178377,0.7348764283763409,0.7733250389470894
625,0.000787058174610138,0.8111189291475972,0.7328278538689039,0.7719733915082505
750,0.0006258445382118225,0.8050031544698384,0.7311603100891755,0.7680817322795069
875,0.0003685336709022522,0.8065019480346768,0.7334820374704911,0.769991992752584
1000,0.0005913094282150268,0.8116744377057747,0.7384497501989308,0.7750620939523527
1125,0.0008324737548828125,0.7935209091958689,0.7265469227960448,0.7600339159959568
1250,0.0004478098750114441,0.8022875504615533,0.7310320190172344,0.7666597847393939
1375,0.0007179895043373108,0.8047340663804461,0.7309699148030749,0.7678519905917605
1500,0.0006432408094406128,0.789134982689347,0.7260486961808273,0.7575918394350871
1625,0.0005492035150527954,0.800521895153499,0.7354142806502448,0.767968087901872
1750,0.00034616756439208985,0.7885140890235313,0.7213801691832457,0.7549471291033885
1875,0.00037810084223747256,0.8030712332094907,0.734944296322673,0.7690077647660818
2000,0.0005165024399757385,0.8113041385185012,0.7413976590496949,0.7763508987840981
2125,0.0008153266310691834,0.8109596436194523,0.7417903613350529,0.7763750024772527
2250,0.0005491898059844971,0.8121454120614772,0.7395401522637788,0.7758427821626279
2375,0.0005270985960960388,0.8041621752425305,0.7352320026202872,0.7696970889314089
2500,0.0006891582012176514,0.8010335449723314,0.7341156157295612,0.7675745803509463
2625,0.000512966513633728,0.8041559777293623,0.7322098857178012,0.7681829317235818
2750,0.0004199031889438629,0.7964608816784035,0.7252025802978935,0.7608317309881485
2875,0.00030983597040176394,0.7942225413514234,0.7256804417261012,0.7599514915387624
3000,0.000390544593334198,0.7970610039781418,0.7277480365497077,0.7624045202639247
3125,0.00041738760471343993,0.7955298196487949,0.7260149303165163,0.7607723749826556
3250,0.0003867574632167816,0.795155068683704,0.7256242453374188,0.7603896570105614
3375,0.0005295510292053223,0.7938904297288559,0.7250247211292681,0.759457575429062
3500,0.0006811777353286743,0.7953918161776259,0.726426460793638,0.7609091384856319
