step,alignment,uniformity
0,0.2925897240638733,-1.4911459684371948
125,0.3049895167350769,-2.8898253440856934
250,0.2563115060329437,-2.585651397705078
375,0.2312522530555725,-2.459855794906616
500,0.21544472873210907,-2.346600294113159
625,0.19791030883789062,-2.262246608734131
750,0.1940133273601532,-2.254687786102295
875,0.19412797689437866,-2.3062453269958496
1000,0.18822886049747467,-2.2482309341430664
1125,0.18271099030971527,-2.2552788257598877
1250,0.18878743052482605,-2.2887957096099854
1375,0.17517627775669098,-2.1892685890197754
1500,0.1737755984067917,-2.208843231201172
1625,0.17569628357887268,-2.174954652786255
1750,0.17737224698066711,-2.19781231880188
1875,0.16934704780578613,-2.189873456954956
2000,0.17295308411121368,-2.16576886177063
2125,0.16932514309883118,-2.124378204345703
2250,0.16668957471847534,-2.1016058921813965
2375,0.16159942746162415,-2.0881187915802
2500,0.1647847443819046,-2.110910177230835
2625,0.16426028311252594,-2.083514451980591
2750,0.1672506034374237,-2.1373777389526367
2875,0.16562519967556,-2.134882926940918
3000,0.1638387143611908,-2.1195931434631348
3125,0.16691094636917114,-2.1550159454345703
3250,0.16667583584785461,-2.161161184310913
3375,0.16827914118766785,-2.1648895740509033
3500,0.16814783215522766,-2.1613409519195557
