step,loss,stsb,sickr,avg
125,0.09671432495117188,0.8308558938183587,0.7728139859716399,0.8018349398949993
250,0.035024211883544924,0.8338463906898793,0.7686628019676482,0.8012545963287638
375,0.029279651641845702,0.8248287464258833,0.7842536494633582,0.8045411979446208
500,0.027004322052001952,0.8205147238796112,0.7369145801347657,0.7787146520071885
625,0.024171300888061523,0.8249969664490632,0.7541141333109423,0.7895555498800028
750,0.025079383850097656,0.8287867918584808,0.7639148315282878,0.7963508116933843
875,0.022722667694091796,0.8198014724983431,0.7237771132694132,0.7717892928838781
1000,0.021486318588256836,0.8283950880051838,0.7387128645726087,0.7835539762888962
1125,0.011816774368286133,0.8180676769818964,0.7085452502258517,0.763306463603874
1250,0.012250384330749512,0.8263669211287028,0.7316618028192909,0.7790143619739969
1375,0.011560863494873046,0.8209095775145825,0.7433140039348728,0.7821117907247277
1500,0.011538142204284669,0.8147469512210627,0.7260695897099528,0.7704082704655077
1625,0.010459494590759278,0.8162151497418738,0.7147339615839496,0.7654745556629117
1750,0.011863144874572754,0.818184095211497,0.721336364818734,0.7697602300151155
1875,0.010945882797241211,0.817366517083464,0.7085418880487511,0.7629542025661076
2000,0.008506117820739746,0.8150508492825389,0.7018070150362004,0.7584289321593696
2125,0.006001294136047363,0.8190291499019846,0.7219640832834288,0.7704966165927067
2250,0.006602604866027832,0.8139272951283766,0.7115940724207374,0.762760683774557
2375,0.00627957820892334,0.812340591189221,0.7084061041249855,0.7603733476571033
2500,0.006689831733703613,0.816232421270231,0.7211922234833184,0.7687123223767747
2625,0.005215371131896972,0.8124912763463233,0.7094259004707196,0.7609585884085215
2750,0.005927157402038574,0.811530304875966,0.7098362301703053,0.7606832675231356
2875,0.006135439395904541,0.8133638621895157,0.7136293903441774,0.7634966262668466
