step,alignment,uniformity
0,0.44285574555397034,-1.1740225553512573
125,0.5145089030265808,-2.496274709701538
250,0.4624561071395874,-2.390470504760742
375,0.44086793065071106,-2.3780770301818848
500,0.46197032928466797,-2.381178140640259
625,0.45105862617492676,-2.37782621383667
750,0.42764943838119507,-2.337193727493286
875,0.4256356954574585,-2.3614563941955566
1000,0.46201929450035095,-2.444723129272461
1125,0.4750719666481018,-2.5089595317840576
1250,0.4650428295135498,-2.554311752319336
1375,0.48510462045669556,-2.584798574447632
1500,0.48388540744781494,-2.588298797607422
1625,0.4882529377937317,-2.595804214477539
1750,0.4818725883960724,-2.5894527435302734
1875,0.4660291373729706,-2.5695137977600098
2000,0.49188506603240967,-2.621428966522217
2125,0.4976840317249298,-2.644963264465332
2250,0.49876824021339417,-2.649254560470581
2375,0.5114777684211731,-2.6633522510528564
2500,0.49766069650650024,-2.656277656555176
2625,0.5113862156867981,-2.678901433944702
2750,0.5110548138618469,-2.6796281337738037
2875,0.5085285305976868,-2.679816961288452
