step,loss,stsb,sickr,avg
125,0.0747098159790039,0.8300453524863108,0.7838138286674894,0.8069295905769001
250,0.01854153060913086,0.8390018497545655,0.8045324285216306,0.8217671391380981
375,0.014724098205566406,0.8405734255694288,0.8164126813068406,0.8284930534381347
500,0.011871891975402832,0.8386691285965807,0.8100468792777403,0.8243580039371605
625,0.013436132431030274,0.8378830454587778,0.810208551965181,0.8240457987119794
750,0.011210802078247071,0.8411839427516217,0.8154990817263863,0.828341512239004
875,0.012209976196289062,0.8404200980617532,0.8167010600398751,0.8285605790508141
1000,0.01049729061126709,0.8411441775996595,0.8165768035804547,0.8288604905900572
1125,0.00526609992980957,0.839703064506769,0.8173403059689149,0.828521685237842
1250,0.005196953296661377,0.8465545870225818,0.8134224570557095,0.8299885220391456
1375,0.005046530246734619,0.8459026239397827,0.8134501710012393,0.829676397470511
1500,0.005129420280456543,0.8427219679736083,0.8148631979744472,0.8287925829740277
1625,0.005117399215698242,0.8470801062047749,0.8103098015270126,0.8286949538658938
1750,0.004871010780334473,0.8448107975644962,0.8187118340704802,0.8317613158174881
1875,0.005095695972442627,0.8455654984006548,0.8142072852532083,0.8298863918269315
2000,0.004351276874542237,0.844949558197676,0.8182433387070529,0.8315964484523645
2125,0.0035371954441070557,0.8435385369011497,0.8144188337700722,0.8289786853356109
2250,0.003540358066558838,0.8434412478281428,0.815558688323271,0.8294999680757069
2375,0.003563079833984375,0.8422366294202168,0.8153105596532417,0.8287735945367293
2500,0.0036245770454406737,0.8438392463227389,0.8127996377633616,0.8283194420430502
2625,0.0030127506256103515,0.8435036980490653,0.8130664985629517,0.8282850983060085
2750,0.0034597764015197752,0.843017590952896,0.8140603100828077,0.8285389505178518
2875,0.0032931413650512695,0.8429417154558285,0.8149937465081559,0.8289677309819923
