step,alignment,uniformity
0,0.40570923686027527,-1.158908724784851
125,0.47253647446632385,-2.377922534942627
250,0.43264544010162354,-2.3339431285858154
375,0.39699435234069824,-2.184396982192993
500,0.39885395765304565,-2.1827967166900635
625,0.3978184163570404,-2.2167840003967285
750,0.37800493836402893,-2.151634693145752
875,0.36344173550605774,-2.1156702041625977
1000,0.3806663751602173,-2.2083470821380615
1125,0.41069722175598145,-2.3068604469299316
1250,0.3947417140007019,-2.266326665878296
1375,0.4026155173778534,-2.300025224685669
1500,0.40289241075515747,-2.306797504425049
1625,0.403033971786499,-2.311645984649658
1750,0.400449275970459,-2.329228401184082
1875,0.3996548056602478,-2.3155884742736816
2000,0.4019671380519867,-2.3201231956481934
2125,0.39752423763275146,-2.300217866897583
2250,0.39855146408081055,-2.301827907562256
2375,0.3999311625957489,-2.2981984615325928
2500,0.40011826157569885,-2.302980661392212
2625,0.4024961590766907,-2.306502103805542
2750,0.40311577916145325,-2.311663866043091
2875,0.40589892864227295,-2.309370994567871
